398
359
175
292
324
403
70
2
34
465
381
69
210
341
37
76
385
176
481
113
440
331
432
400
165
85
247
279
433
389
93
49
472
357
221
40
45
122
495
375
369
86
15
216
140
43
12
286
403
377
212
363
301
349
309
63
111
100
157
481
490
270
490
151
314
206
306
334
183
190
282
315
236
338
205
122
393
214
294
463
491
278
406
207
370
403
300
187
59
398
55
187
132
424
13
213
280
301
112
136
215
385
495
345
251
266
486
485
134
37
405
290
285
392
429
18
418
234
468
354
476
294
360
163
444
356
119
264
482
265
491
167
163
137
322
162
24
399
197
405
494
349
210
409
175
80
463
198
415
56
86
66
123
4
485
368
272
41
149
205
39
300
20
441
163
326
207
218
305
212
436
69
76
47
24
272
370
312
172
123
458
201
359
76
114
262
188
281
53
193
8
278
431
256
171
285
145
206
207
85
133
213
345
269
451
348
150
445
269
108
455
328
379
329
133
436
132
295
319
108
277
443
316
104
220
29
229
117
190
278
100
497
322
372
24
489
442
454
322
120
387
494
80
215
196
444
200
190
7
81
413
247
23
426
115
150
110
204
415
396
431
491
95
338
339
107
304
485
132
497
361
25
31
175
432
292
74
483
171
266
110
212
438
207
153
344
113
369
135
361
43
135
42
182
345
327
393
328
481
102
192
406
347
395
255
127
337
102
288
52
479
90
157
407
203
158
437
308
291
382
151
348
290
450
287
435
345
141
348
468
41
57
197
305
101
433
359
80
340
311
107
258
305
17
445
269
160
454
138
461
129
41
9
257
108
63
347
158
87
40
81
370
243
25
182
44
296
81
226
198
258
44
286
207
246
123
260
332
223
367
287
5
119
76
56
498
160
357
5
8
244
477
310
157
197
375
218
317
122
51
13
323
268
208
137
152
302
429
56
158
73
354
334
237
37
132
307
433
467
13
23
82
204
366
432
31
264
28
323
350
415
257
301
359
213
491
366
47
210
387
211
74
195
261
156
394
228
249
236
361
26
368
262
91
250
87
67
326
176
429
356
204
399
452
122
372
85
111
414
82
466
219
246
498
10
106
437
415
148
87
237
443
387
129
77
377
479
251
100
171
93
163
472
426
433
222
341
60
329
213